source,target,similarity
10,15704,0.6914
22,9016,0.8594
92,10392,0.7314
142,5833,0.6797
153,1183,0.6914
177,9026,0.624
210,4974,0.6895
225,14224,0.74
232,8531,0.762
233,2224,0.7363
346,29605,0.638
348,6622,0.7393
402,19898,0.677
403,8144,0.6167
416,6622,0.79
418,10067,0.676
420,6691,0.8306
423,28020,0.708
425,2415,0.7026
446,10504,0.6724
458,10558,0.7397
458,24075,0.7295
498,5275,0.658
501,26789,0.6704
511,8109,0.7124
525,37316,0.749
529,2905,0.6123
540,3588,0.6914
559,9392,0.758
559,9160,0.756
559,28485,0.7188
559,26513,0.708
559,6539,0.6963
562,17646,0.6265
575,4914,0.6304
576,5840,0.6426
581,3157,0.788
590,9448,0.756
617,12032,0.618
662,8527,0.78
668,34633,0.7544
687,8117,0.7437
710,10504,0.6665
712,9921,0.6304
712,662,0.619
743,5600,0.7446
856,1820,0.694
863,34551,0.822
866,17561,0.6777
867,1960,0.7275
872,6368,0.656
885,8404,0.616
887,6622,0.6733
890,652,0.626
953,4382,0.738
958,4219,0.632
959,7933,0.61
976,24078,0.6284
994,14167,0.662
1015,22740,0.698
1029,10236,0.618
1031,8234,0.6064
1040,9148,0.751
1046,9058,0.604
1060,3452,0.616
1104,15704,0.985
1135,7819,0.8257
1149,5088,0.9385
1167,11027,0.7075
1183,153,0.6914
1291,2528,0.658
1375,7660,0.7246
1375,15649,0.7236
1386,27369,0.7017
1438,16160,0.7573
1438,17108,0.642
1466,18424,0.676
1476,7712,0.624
1615,21904,0.691
1627,5874,0.738
1628,29684,0.625
1639,10619,0.6694
1643,5087,0.6313
1644,6687,0.657
1645,9551,0.6216
1654,28707,0.6313
1668,6687,0.787
1691,8531,0.6895
1696,10618,0.6104
1706,3401,0.649
1707,23720,0.753
1711,7301,0.678
1720,3640,0.63
1754,32189,0.7915
1771,9064,0.6836
1784,34083,0.611
1814,6369,0.624
1816,6513,0.7134
1822,24261,0.69
1825,3963,0.829
1825,1149,0.7417
1836,23778,0.636
1934,7676,0.71
1934,28707,0.6753
1934,26513,0.672
1934,3536,0.6675
1960,2735,0.858
1965,6258,0.6987
1970,9392,0.654
1973,2554,0.6685
1985,7955,0.633
1990,7746,0.8955
1991,20364,0.63
2002,1776,0.607
2005,25571,0.695
2020,1860,0.6987
2020,4961,0.689
2066,8739,0.654
2090,1980,0.621
2093,7908,0.9595
2125,24075,0.686
2224,5970,0.8037
2232,3425,0.679
2262,26920,0.6973
2271,4160,0.6196
2288,23743,0.9165
2367,6579,0.6494
2411,2058,0.621
2411,8441,0.6104
2418,10830,0.612
2439,5874,0.6226
2441,8123,0.604
2446,2470,0.696
2466,24847,0.612
2470,2446,0.696
2473,26273,0.6978
2486,16762,0.6865
2486,5826,0.6836
2488,2969,0.6484
2489,37115,0.701
2535,3974,0.6055
2554,1973,0.6685
2569,30058,0.679
2577,25571,0.629
2577,2692,0.623
2586,36621,0.7646
2634,9986,0.7007
2635,6127,0.737
2647,5152,0.814
2735,1960,0.858
2738,25318,0.6577
2738,30002,0.6426
2759,16233,0.645
2767,2635,0.625
2795,4480,0.6826
2800,19335,0.843
2827,16233,0.7285
2827,37115,0.716
2848,18661,0.6304
2888,4160,0.654
2957,2224,0.635
2957,32303,0.6104
2969,2488,0.6484
2983,3366,0.6147
2984,7980,0.651
3031,31753,0.6167
3039,6990,0.606
3044,3455,0.7114
3072,7049,0.7734
3076,6614,0.7075
3085,32783,0.719
3086,6485,0.6377
3086,6326,0.601
3096,7969,0.629
3104,24200,0.6655
3104,37323,0.602
3106,6945,0.628
3135,13320,0.651
3157,581,0.788
3177,29684,0.749
3177,8117,0.748
3185,32646,0.752
3185,28485,0.7446
3203,662,0.695
3291,3450,0.856
3407,1149,0.634
3435,11426,0.613
3442,32189,0.65
3447,22040,0.7183
3450,3291,0.856
3450,5088,0.6953
3450,1149,0.676
3455,3044,0.7114
3466,30593,0.6562
3469,29000,0.8423
3478,5225,0.661
3478,3549,0.641
3478,9122,0.63
3535,8541,0.6704
3536,6429,0.7075
3536,28707,0.707
3536,26513,0.6943
3546,9151,0.7207
3546,35348,0.7114
3549,28827,0.7207
3551,17655,0.7144
3583,8033,0.8027
3590,3640,0.6123
3678,7096,0.6323
3789,8117,0.725
3789,6622,0.7036
3795,17905,0.6143
3801,9293,0.66
3803,14120,0.882
3812,9122,0.714
3815,1820,0.6367
3895,28020,0.6797
3919,7301,0.7017
3949,6338,0.7812
3949,4322,0.7437
3949,9378,0.732
3952,24847,0.6235
3952,8033,0.612
3954,8365,0.8237
3958,9122,0.6904
3963,1825,0.829
3963,1149,0.6426
3974,2535,0.6055
3990,6513,0.7676
3997,23938,0.6475
3998,18424,0.632
3998,1997,0.63
4031,3401,0.687
4043,28470,0.66
4050,15704,0.6675
4060,7695,0.6484
4060,171,0.6353
4147,5970,0.6807
4160,8802,0.719
4160,7660,0.7188
4206,783,0.6025
4207,4755,0.612
4219,958,0.632
4221,7330,0.6504
4227,9557,0.8584
4291,6513,0.678
4291,9122,0.673
4298,30460,0.9
4322,6338,0.767
4348,2283,0.6406
4348,4869,0.629
4351,37992,0.659
4362,22169,0.606
4376,32291,0.7065
4382,953,0.738
4403,973,0.646
4480,2795,0.6826
4480,24009,0.6377
4504,8531,0.6514
4511,3439,0.6665
4533,25571,0.619
4541,4989,0.7524
4752,24867,0.62
4763,24791,0.901
4766,34355,0.6753
4781,1825,0.6816
4781,28020,0.6675
4781,32189,0.6646
4793,5338,0.7144
4811,17322,0.7134
4825,953,0.7236
4839,26846,0.737
4839,2224,0.7324
4850,36389,0.8833
4850,9089,0.6562
4854,35189,0.653
4877,15238,0.633
4903,20588,0.634
4910,32862,0.6855
4910,26064,0.655
4910,35581,0.6167
4910,12256,0.6055
4919,14402,0.6963
4951,36715,0.888
4974,210,0.6895
4989,4541,0.7524
4995,25571,0.6274
5014,8592,0.7124
5036,34779,0.853
5049,37401,0.8315
5057,6940,0.6714
5059,6589,0.6914
5059,8109,0.612
5059,6393,0.6113
5087,1643,0.6313
5088,1149,0.9385
5152,2647,0.814
5159,6238,0.743
5183,7083,0.671
5199,21811,0.6367
5202,28020,0.681
5216,9077,0.6245
5221,17413,0.687
5225,3549,0.672
5225,3478,0.661
5237,7740,0.654
5240,20921,0.6025
5241,9530,0.605
5282,26966,0.6514
5290,13076,0.797
5338,4793,0.7144
5379,697,0.605
5390,26273,0.7495
5412,994,0.6455
5428,5429,0.694
5429,2560,0.766
5432,9515,0.735
5560,10,0.6006
5600,743,0.7446
5601,9122,0.7827
5604,6423,0.7188
5636,11016,0.7373
5639,6429,0.6978
5639,10019,0.675
5640,10138,0.655
5686,31753,0.6245
5690,29405,0.6084
5691,6031,0.8687
5695,9519,0.6987
5706,10424,0.6035
5716,6407,0.6353
5725,6622,0.793
5737,2905,0.636
5748,4153,0.6094
5755,6661,0.6187
5764,9507,0.6626
5766,8541,0.7407
5833,142,0.6797
5833,16209,0.679
5874,1860,0.745
5874,1627,0.738
5879,6412,0.6426
5891,27780,0.608
5908,1819,0.634
5964,7330,0.6914
5970,2224,0.8037
5985,5804,0.6196
6028,15364,0.6
6031,5691,0.8687
6041,5970,0.653
6041,10941,0.6187
6082,26784,0.6445
6124,22404,0.643
6177,10392,0.613
6216,33068,0.634
6216,20637,0.624
6217,7765,0.787
6227,6687,0.6553
6235,1822,0.609
6238,5159,0.743
6240,32031,0.6035
6250,7029,0.758
6253,22186,0.627
6255,24068,0.6646
6258,1965,0.6987
6266,6486,0.7114
6284,26273,0.622
6294,7695,0.6836
6294,4865,0.64
6301,10152,0.644
6303,2905,0.6426
6314,26273,0.61
6326,3086,0.601
6329,7676,0.7026
6329,6513,0.6797
6338,9378,0.8286
6338,3949,0.7812
6338,4322,0.767
6361,7332,0.6836
6365,27903,0.6475
6368,872,0.656
6369,1814,0.624
6371,2738,0.6353
6372,21811,0.7134
6378,9060,0.7505
6391,32846,0.694
6393,5059,0.6113
6407,5716,0.6353
6410,1149,0.7812
6410,5088,0.764
6412,1960,0.773
6429,9189,0.889
6429,26513,0.863
6431,10457,0.765
6440,9909,0.6006
6478,9575,0.6616
6478,7972,0.6606
6479,9297,0.6963
6486,6266,0.7114
6513,3990,0.7676
6520,9448,0.6206
6533,7676,0.6504
6538,7774,0.7295
6539,6429,0.833
6541,35240,0.969
6541,23830,0.9653
6551,10635,0.636
6552,37924,0.739
6557,22873,0.895
6578,17413,0.63
6587,10341,0.6904
6587,12207,0.618
6589,5059,0.6914
6589,8109,0.67
6602,27586,0.6006
6635,14005,0.659
6661,5755,0.6187
6691,420,0.8306
6691,3949,0.6553
6708,6429,0.635
6777,4779,0.6113
6799,8000,0.643
6804,15704,0.632
6808,2560,0.6865
6902,2224,0.668
6906,10558,0.6987
6943,34172,0.646
6945,3106,0.628
6953,9089,0.654
6953,18424,0.6357
6957,10256,0.6562
6957,5161,0.644
6965,953,0.6396
6985,6429,0.764
6985,28485,0.7637
6986,10219,0.671
6990,6622,0.811
7029,6250,0.758
7036,6429,0.6523
7049,3072,0.7734
7049,36471,0.652
7049,1111,0.626
7072,6990,0.7007
7077,24847,0.692
7083,5183,0.671
7091,2579,0.656
7105,35408,0.889
7120,1637,0.685
7170,2560,0.7065
7212,10395,0.6255
7230,29684,0.654
7322,33534,0.751
7330,25571,0.804
7338,10096,0.6357
7341,36479,0.664
7482,4160,0.6963
7492,32189,0.7637
7567,6940,0.7314
7594,7960,0.6104
7660,10529,0.9155
7671,1149,0.6025
7676,32646,0.769
7714,9886,0.619
7722,4341,0.6177
7725,2735,0.6567
7740,5237,0.654
7746,1990,0.8955
7757,28485,0.678
7765,6217,0.787
7770,12755,0.729
7774,6579,0.7944
7781,10629,0.7896
7781,9160,0.769
7786,9905,0.826
7800,13541,0.7134
7802,2901,0.63
7814,26953,0.64
7819,1135,0.8257
7826,24511,0.6763
7832,23993,0.608
7845,28707,0.7456
7849,512,0.621
7862,6579,0.6836
7862,953,0.668
7865,17843,0.656
7865,27545,0.607
7865,12946,0.6055
7908,2093,0.9595
7908,7742,0.6035
7919,4919,0.622
7941,3902,0.633
7941,9921,0.622
7950,11455,0.61
7956,8452,0.646
7957,3850,0.6367
7960,6687,0.751
7962,9242,0.7153
7977,23167,0.862
7980,2984,0.651
8003,12103,0.7676
8013,13371,0.693
8033,3583,0.8027
8088,10003,0.666
8092,4865,0.662
8109,511,0.7124
8118,8491,0.6265
8119,12103,0.6455
8123,2441,0.604
8197,36821,0.679
8225,4147,0.6743
8326,11073,0.843
8326,11090,0.6973
8365,3954,0.8237
8365,22186,0.63
8388,19955,0.748
8397,22824,0.7812
8398,11090,0.644
8398,10635,0.605
8413,7660,0.7
8416,14395,0.7896
8427,12521,0.6294
8441,2411,0.6104
8444,4363,0.616
8447,3588,0.6177
8452,7956,0.646
8474,6579,0.74
8491,8118,0.6265
8508,10318,0.6
8512,9583,0.871
8527,662,0.78
8531,232,0.762
8541,26789,0.763
8541,28020,0.7534
8550,953,0.622
8558,5665,0.7017
8592,5014,0.7124
8611,30659,0.638
8626,4376,0.603
8652,3588,0.665
8704,6990,0.641
8822,7660,0.6836
8836,21080,0.6743
8836,26895,0.631
8863,9415,0.8335
9016,22,0.8594
9026,14980,0.691
9026,177,0.624
9026,14979,0.62
9050,2218,0.613
9064,6687,0.7607
9070,9297,0.7344
9077,5216,0.6245
9118,26273,0.689
9122,5601,0.7827
9138,2901,0.6353
9148,1040,0.751
9154,35387,0.72
9160,9392,0.777
9160,7781,0.769
9160,559,0.756
9160,28485,0.6914
9168,35324,0.6055
9189,6429,0.889
9189,28707,0.8564
9203,7960,0.697
9224,4409,0.7183
9241,10573,0.631
9242,7962,0.7153
9270,3076,0.623
9289,23110,0.7314
9290,9678,0.657
9293,3801,0.66
9300,6429,0.7563
9300,9392,0.7183
9304,18620,0.853
9378,6338,0.8286
9378,3949,0.732
9392,28485,0.8916
9392,9189,0.846
9392,28707,0.8433
9394,9378,0.6436
9415,8863,0.8335
9422,1965,0.6865
9422,8854,0.672
9433,14337,0.6167
9448,590,0.756
9461,9289,0.6035
9466,10326,0.7476
9488,27412,0.617
9488,9276,0.6074
9519,5695,0.6987
9557,4227,0.8584
9571,3850,0.6475
9572,8527,0.6978
9583,8512,0.871
9604,9515,0.665
9624,1149,0.6953
9624,5088,0.6885
9653,4822,0.608
9712,9713,0.6895
9713,9712,0.6895
9876,9089,0.621
9903,2692,0.6753
9905,7786,0.826
9920,30593,0.6504
9942,16233,0.607
9946,27295,0.618
9955,9326,0.754
9955,10924,0.7217
9961,6614,0.6396
9961,10067,0.6245
9975,6614,0.728
9991,2462,0.6196
9995,34483,0.6816
9998,2560,0.627
10003,8088,0.666
10013,8527,0.625
10019,6429,0.748
10019,5601,0.7275
10063,1820,0.685
10063,1960,0.653
10066,25264,0.7783
10066,20175,0.762
10071,7330,0.671
10073,6579,0.62
10079,24962,0.6807
10084,10558,0.6865
10085,10817,0.7637
10086,6429,0.7334
10094,31767,0.6016
10116,11797,0.7017
10116,28020,0.697
10122,1960,0.701
10134,7492,0.6934
10136,7660,0.7085
10138,5640,0.655
10138,348,0.6245
10142,1184,0.645
10203,10288,0.869
10205,6412,0.6343
10205,26789,0.6167
10212,6579,0.752
10236,3598,0.785
10256,6622,0.794
10272,34083,0.6265
10275,24075,0.7676
10288,10203,0.869
10303,24546,0.8457
10303,28169,0.6006
10308,10067,0.655
10315,31642,0.6094
10318,8508,0.6
10326,9466,0.7476
10338,28138,0.614
10341,6587,0.6904
10341,17312,0.6543
10341,2735,0.648
10341,1660,0.648
10342,21811,0.717
10392,92,0.7314
10395,7212,0.6255
10427,458,0.6396
10502,7348,0.6895
10529,7660,0.9155
10557,32583,0.729
10564,5275,0.63
10570,32309,0.613
10573,9241,0.631
10629,7781,0.7896
10640,9975,0.6357
10693,2591,0.675
10698,11797,0.603
10750,21820,0.6714
10764,1960,0.713
10813,26032,0.8535
10817,10085,0.7637
10829,24062,0.6567
10842,935,0.704
10883,5715,0.6304
10905,6485,0.622
10914,4961,0.604
10924,9392,0.748
10924,9326,0.747
10957,10973,0.792
10967,2224,0.611
10967,7660,0.6074
10973,10957,0.792
10975,37688,0.7627
10981,6221,0.6284
11006,7845,0.6196
11006,28485,0.6016
11006,3185,0.6016
11016,5636,0.7373
11023,26273,0.63
11027,1167,0.7075
11073,8326,0.843
11090,8326,0.6973
11096,11182,0.607
11098,22546,0.6562
11098,19129,0.627
11098,14293,0.6133
11098,18634,0.6
11099,30056,0.9756
11182,11096,0.607
11192,15421,0.646
11192,36920,0.6177
11192,26064,0.6104
11192,31700,0.6094
11192,32863,0.6035
11220,15885,0.6816
11220,35087,0.6714
11235,29635,0.747
11235,28657,0.707
11235,11252,0.696
11235,22542,0.6797
11235,15463,0.6665
11235,33138,0.655
11235,31394,0.646
11235,32772,0.644
11235,31770,0.64
11236,17522,0.6504
11236,29677,0.636
11236,18634,0.635
11236,12821,0.6104
11237,31395,0.7266
11237,29634,0.697
11237,18636,0.643
11237,29980,0.6323
11237,18652,0.623
11237,32071,0.6074
11238,21044,0.7095
11238,1149,0.635
11252,22542,0.698
11252,11235,0.696
11252,18650,0.6826
11252,28657,0.652
11252,11256,0.6504
11252,22544,0.646
11252,15463,0.6455
11252,33059,0.6353
11252,31770,0.625
11255,11252,0.616
11255,33059,0.612
11256,18650,0.714
11256,22546,0.6636
11256,18652,0.6606
11256,33572,0.66
11256,11252,0.6504
11256,30269,0.6494
11256,11257,0.649
11256,28657,0.6475
11256,18636,0.6465
11257,11256,0.649
11285,29963,0.6255
11285,26165,0.603
11292,33169,0.681
11299,11300,0.604
11300,11299,0.604
11316,11317,0.6323
11317,22140,0.6562
11317,11316,0.6323
11317,13250,0.6294
11346,32137,0.6406
11352,11421,0.6313
11354,30168,0.6113
11354,34241,0.611
11354,30169,0.604
11361,11368,0.607
11368,11370,0.613
11368,11361,0.607
11370,28161,0.656
11370,30168,0.6523
11370,29779,0.6494
11370,14431,0.639
11370,31770,0.6245
11378,20468,0.643
11378,23454,0.64
11380,23630,0.7
11380,23629,0.6997
11380,14639,0.6846
11380,17959,0.6445
11380,29940,0.6343
11380,23512,0.6284
11380,33584,0.6274
11380,14640,0.6206
11380,27957,0.608
11407,27326,0.6
11421,11352,0.6313
11426,3435,0.613
11440,882,0.637
11445,18967,0.6504
11445,17566,0.6147
11445,17471,0.608
11445,37678,0.607
11461,27539,0.736
11463,35225,0.6143
11466,30953,0.6284
11470,27510,0.622
11470,18650,0.6123
11470,13293,0.608
11496,14005,0.6367
11513,36741,0.784
11544,19943,0.648
11622,29606,0.618
11630,12492,0.669
11640,11642,0.6084
11640,11643,0.606
11642,11643,0.774
11642,17448,0.6543
11642,17576,0.646
11642,29785,0.6167
11642,11640,0.6084
11642,11380,0.602
11642,35573,0.601
11643,11642,0.774
11643,17576,0.66
11643,25014,0.624
11643,37846,0.614
11643,30432,0.612
11643,34354,0.6074
11643,11640,0.606
11643,29785,0.606
11649,14040,0.933
11649,14941,0.636
11670,37511,0.6
11680,13748,0.9443
11680,27415,0.6055
11725,25676,0.7153
11725,35215,0.689
11725,12286,0.6875
11725,11726,0.669
11725,27743,0.667
11725,19663,0.644
11725,33571,0.6406
11725,30168,0.6353
11726,30168,0.677
11726,11725,0.669
11726,35216,0.6543
11726,27743,0.6426
11726,25677,0.624
11726,26139,0.6
11728,33456,0.6797
11782,31701,0.7637
11782,32421,0.684
11782,12564,0.601
11791,19002,0.609
11796,29955,0.7026
11797,28020,0.769
11823,14113,0.8
11837,29605,0.6157
11856,12207,0.633
11905,22113,0.674
11905,11906,0.61
11906,22113,0.701
11906,24223,0.6416
11906,22652,0.629
11906,24536,0.628
11906,11905,0.61
11948,23703,0.669
11948,7772,0.6235
11949,37190,0.697
11961,30532,0.693
11965,34039,0.7065
11965,34354,0.681
11965,29779,0.6753
11965,25282,0.6533
11965,19512,0.644
11965,29785,0.64
11965,27347,0.64
11965,28161,0.632
11965,35215,0.6313
11973,35521,0.682
11973,25282,0.677
11973,27347,0.6636
11973,11965,0.6064
11978,19507,0.668
11978,17954,0.661
11978,34346,0.66
11978,29779,0.658
11978,35451,0.6377
11978,12262,0.6367
11982,19509,0.725
11982,23512,0.701
11982,17448,0.6753
11982,22324,0.6626
11982,12558,0.655
11982,36604,0.6357
12032,617,0.618
12033,12034,0.616
12034,12033,0.616
12112,12113,0.604
12113,12444,0.647
12113,12112,0.604
12172,15310,0.6294
12200,27232,0.683
12206,13184,0.6055
12212,28587,0.681
12226,23491,0.6924
12226,15600,0.664
12226,31360,0.6353
12226,17585,0.621
12226,22607,0.6113
12226,18030,0.6025
12252,22378,0.621
12252,20058,0.604
12256,12257,0.7256
12256,37035,0.694
12256,30892,0.6714
12256,17584,0.668
12256,35220,0.662
12256,35024,0.661
12256,15630,0.651
12257,12256,0.7256
12257,30892,0.663
12257,33534,0.6553
12257,29581,0.6436
12257,26064,0.6367
12257,37592,0.634
12257,29175,0.633
12257,32863,0.626
12262,29779,0.646
12262,36950,0.6445
12262,18967,0.6436
12262,25676,0.643
12262,11978,0.6367
12262,15886,0.636
12262,17566,0.6294
12265,34039,0.612
12265,35216,0.6055
12265,35215,0.6025
12266,23455,0.6377
12266,22501,0.629
12266,30170,0.624
12266,17448,0.611
12266,17576,0.6094
12284,7095,0.634
12286,25676,0.8125
12286,19663,0.753
12286,35215,0.7456
12286,29835,0.698
12286,11725,0.6875
12286,24649,0.687
12286,12288,0.672
12286,35944,0.6685
12286,37846,0.6445
12288,30168,0.698
12288,29785,0.69
12288,20705,0.69
12288,12286,0.672
12288,25675,0.6714
12288,35215,0.6636
12288,37846,0.657
12306,24579,0.609
12310,2431,0.633
12326,35086,0.667
12326,34828,0.6304
12326,23716,0.6245
12326,21709,0.622
12366,12367,0.649
12367,21661,0.6733
12367,22496,0.6714
12367,12366,0.649
12367,20705,0.6167
12367,17476,0.6035
12390,12391,0.71
12390,36892,0.6343
12391,12390,0.71
12391,31275,0.644
12414,15740,0.603
12435,15836,0.6567
12435,15599,0.6333
12435,29171,0.601
12444,12113,0.647
12474,28160,0.6084
12475,28161,0.7397
12475,17955,0.731
12475,37846,0.717
12475,14689,0.717
12475,35573,0.7134
12475,29784,0.7134
12475,17447,0.707
12475,20468,0.6567
12491,23122,0.634
12503,29835,0.666
12503,19663,0.6626
12503,12286,0.641
12503,25676,0.639
12503,11725,0.621
12503,34029,0.604
12503,30953,0.603
12524,22518,0.643
12524,35208,0.632
12524,23629,0.6216
12524,37846,0.62
12524,22608,0.6084
12524,31359,0.6045
12524,19943,0.601
12555,19512,0.708
12555,30532,0.6294
12555,34354,0.625
12555,30509,0.6084
12555,32021,0.608
12558,19509,0.727
12558,18635,0.6567
12558,11982,0.655
12558,23512,0.614
12558,22324,0.6006
12564,11782,0.601
12630,25168,0.6
12673,12674,0.706
12674,12673,0.706
12690,23218,0.703
12690,21417,0.6143
12690,30951,0.606
12755,7770,0.729
12755,30876,0.609
12760,32267,0.656
12767,28780,0.8745
12775,32613,0.615
12793,34354,0.643
12793,31631,0.634
12793,24649,0.631
12793,17959,0.6104
12793,37846,0.603
12794,12475,0.6377
12818,12825,0.6753
12821,17522,0.638
12821,11236,0.6104
12821,19854,0.61
12825,12818,0.6753
12825,19849,0.655
12825,30997,0.6323
12848,32062,0.6377
12848,37062,0.6074
12861,27545,0.699
12879,30292,0.6733
12887,30806,0.675
12887,25342,0.657
12887,35854,0.631
12887,30791,0.628
12887,19296,0.601
12899,15288,0.618
12902,31135,0.6113
12945,10065,0.6694
13015,21489,0.656
13017,37568,0.6187
13023,16321,0.6206
13043,7695,0.6064
13072,14306,0.647
13073,20742,0.6504
13076,5290,0.797
13088,2638,0.632
13095,32323,0.811
13127,20918,0.633
13128,15611,0.89
13136,30168,0.653
13136,25677,0.647
13136,28161,0.6294
13136,11725,0.6
13142,34037,0.666
13142,34765,0.606
13144,29875,0.6826
13144,15664,0.6436
13144,35530,0.626
13144,15674,0.6177
13145,2560,0.8213
13149,20821,0.645
13149,20217,0.6094
13149,19512,0.606
13168,18748,0.613
13175,6410,0.7095
13249,13250,0.6826
13250,13249,0.6826
13250,14694,0.6343
13250,11317,0.6294
13250,22717,0.626
13250,18475,0.6177
13282,35451,0.6094
13293,22543,0.6353
13293,27511,0.616
13293,27677,0.609
13293,11470,0.608
13296,25049,0.618
13307,18661,0.611
13309,25512,0.751
13313,32575,0.741
13316,32102,0.7866
13319,16932,0.6377
13320,3135,0.651
13322,22115,0.782
13322,32699,0.7783
13322,36020,0.7505
13326,2283,0.682
13371,8013,0.693
13399,25145,0.6543
13411,15630,0.6333
13426,5715,0.601
13514,15617,0.8594
13514,28020,0.721
13541,7800,0.7134
13560,20094,0.7275
13560,26939,0.713
13560,28437,0.644
13560,26553,0.6177
13619,4367,0.61
13634,7862,0.6084
13667,5665,0.608
13747,15599,0.602
13748,11680,0.9443
13748,30002,0.6553
13761,19405,0.704
13773,22199,0.659
13780,20502,0.7036
13790,13791,0.624
13791,13790,0.624
13855,13856,0.703
13855,17425,0.6
13856,13855,0.703
13861,34296,0.604
13886,35437,0.7935
13910,36709,0.7153
13919,6069,0.603
13944,14265,0.7183
13973,27409,0.685
14003,10529,0.61
14005,5826,0.753
14028,16135,0.603
14040,11649,0.933
14040,14941,0.669
14059,17576,0.652
14059,15948,0.645
14059,22501,0.6377
14059,16455,0.637
14060,22497,0.664
14060,17566,0.6123
14113,11823,0.8
14119,25072,0.6826
14119,32862,0.666
14119,27820,0.6113
14119,32863,0.609
14119,17574,0.608
14119,15449,0.603
14120,3803,0.882
14157,32453,0.607
14178,19431,0.6587
14179,19433,0.6396
14179,15629,0.621
14206,21383,0.602
14224,225,0.74
14265,13944,0.7183
14292,14293,0.605
14293,11098,0.6133
14293,14292,0.605
14295,30002,0.646
14306,18650,0.6797
14306,35626,0.649
14306,13072,0.647
14306,15971,0.6025
14333,31577,0.644
14337,9433,0.6167
14358,9064,0.6133
14373,21746,0.6875
14379,26260,0.6733
14390,15722,0.668
14390,19723,0.6616
14390,19716,0.6523
14390,19724,0.642
14390,28663,0.6377
14390,19823,0.6055
14390,33197,0.6045
14397,16610,0.708
14430,14431,0.6084
14430,20667,0.604
14431,34354,0.6763
14431,29779,0.675
14431,11370,0.639
14431,28161,0.615
14516,18422,0.682
14516,32901,0.6304
14516,24830,0.6006
14546,14549,0.667
14548,783,0.7065
14549,14546,0.667
14558,3442,0.616
14582,7492,0.6016
14586,26680,0.888
14609,7774,0.665
14632,34757,0.6143
14639,23629,0.802
14639,25022,0.7036
14639,11380,0.6846
14639,14640,0.6797
14639,23630,0.678
14639,35208,0.6675
14639,24534,0.639
14639,17699,0.6245
14639,29940,0.6094
14640,23630,0.7295
14640,14639,0.6797
14640,11380,0.6206
14640,14641,0.6133
14640,22518,0.6
14641,14640,0.6133
14664,37031,0.606
14680,14681,0.7427
14680,23229,0.639
14680,19955,0.6104
14681,14680,0.7427
14681,36092,0.6143
14681,23229,0.611
14689,17955,0.769
14689,12475,0.717
14689,35573,0.694
14689,17447,0.6895
14689,28161,0.6157
14689,37846,0.6025
14689,29784,0.6006
14694,28224,0.6514
14694,30153,0.636
14694,13250,0.6343
14694,11978,0.6333
14694,20064,0.6177
14694,33731,0.6113
14694,18476,0.608
14694,29779,0.6045
14715,33170,0.8345
14792,35189,0.6084
14808,14907,0.61
14831,32687,0.611
14907,37352,0.6416
14907,14808,0.61
14907,15836,0.601
14940,36892,0.6226
14941,14040,0.669
14941,11649,0.636
14968,14986,0.6333
14977,14980,0.669
14977,20065,0.668
14977,30997,0.6523
14977,19849,0.6514
14977,11235,0.631
14977,20064,0.6294
14977,25676,0.613
14977,14979,0.6123
14979,14980,0.641
14979,9026,0.62
14979,14977,0.6123
14980,9026,0.691
14980,14977,0.669
14980,14979,0.641
14986,14968,0.6333
14992,28114,0.778
15027,32857,0.705
15039,25409,0.6294
15064,24679,0.6104
15070,24805,0.663
15082,6622,0.61
15092,15630,0.774
15092,32862,0.703
15092,32863,0.6777
15092,22871,0.656
15092,25072,0.613
15092,31700,0.6113
15092,32855,0.607
15092,34188,0.6025
15105,15107,0.673
15107,15105,0.673
15142,3640,0.617
15173,30061,0.6216
15173,33635,0.602
15227,37329,0.61
15260,16930,0.6133
15264,27587,0.602
15264,16930,0.601
15273,36719,0.603
15288,12899,0.618
15310,12172,0.6294
15324,22396,0.6104
15324,22395,0.605
15342,15355,0.6265
15342,25677,0.623
15342,15349,0.6147
15342,24579,0.6123
15342,35216,0.6104
15349,12262,0.6216
15349,15342,0.6147
15355,15342,0.6265
15406,10392,0.6226
15412,22518,0.6167
15420,15421,0.699
15420,37748,0.6987
15421,37748,0.764
15421,15420,0.699
15421,26064,0.6904
15421,36092,0.681
15421,11192,0.646
15421,26959,0.6133
15425,15426,0.6646
15426,15425,0.6646
15426,31635,0.6333
15426,17574,0.6035
15426,23218,0.6
15449,27820,0.7065
15449,22743,0.6216
15449,14119,0.603
15450,5725,0.641
15455,15463,0.6406
15455,34708,0.625
15463,28657,0.7
15463,15468,0.695
15463,33057,0.685
15463,31770,0.683
15463,11235,0.6665
15463,16115,0.661
15463,33138,0.6523
15463,33059,0.6514
15464,19509,0.662
15464,11982,0.627
15464,19507,0.612
15465,19507,0.6475
15465,15468,0.626
15465,27444,0.619
15468,19716,0.727
15468,15463,0.695
15468,31770,0.6797
15468,19512,0.673
15468,19723,0.6675
15468,33058,0.641
15468,17293,0.6265
15468,15465,0.626
15468,33057,0.621
15468,20217,0.62
15478,36704,0.699
15514,35898,0.6426
15534,15619,0.732
15534,15621,0.689
15534,28657,0.6426
15534,24297,0.634
15534,35415,0.632
15534,16329,0.6196
15534,18650,0.6157
15534,33285,0.6
15535,24223,0.6777
15535,34328,0.6724
15535,21892,0.639
15535,29961,0.639
15535,37035,0.631
15535,35161,0.63
15535,26109,0.6294
15535,26841,0.627
15535,21019,0.626
15548,15550,0.6636
15548,18837,0.65
15548,28325,0.6284
15550,15548,0.6636
15550,28325,0.615
15558,15893,0.6167
15576,29988,0.758
15586,19512,0.6143
15599,23491,0.716
15599,17585,0.7075
15599,15600,0.6724
15599,26165,0.64
15599,12435,0.6333
15599,22607,0.622
15599,26366,0.6123
15599,13747,0.602
15600,15599,0.6724
15600,12226,0.664
15600,22607,0.6577
15600,23491,0.6377
15600,31360,0.6123
15611,13128,0.89
15613,16325,0.6987
15617,13514,0.8594
15619,15534,0.732
15619,15621,0.717
15619,27347,0.623
15619,24223,0.621
15619,25676,0.613
15621,15619,0.717
15621,15534,0.689
15626,28900,0.6025
15627,19115,0.629
15627,26131,0.6226
15627,37276,0.6187
15627,12257,0.6133
15627,33534,0.608
15627,17574,0.6045
15629,14179,0.621
15630,15092,0.774
15630,12256,0.651
15630,13411,0.6333
15630,26131,0.6235
15630,21661,0.6143
15630,31700,0.609
15630,29173,0.6084
15634,23993,0.622
15635,30292,0.6255
15650,32646,0.6436
15664,15674,0.6616
15664,13144,0.6436
15664,29875,0.6035
15674,15664,0.6616
15674,22305,0.627
15674,13144,0.6177
15674,17448,0.6177
15674,35530,0.604
15676,15677,0.6406
15676,29907,0.6
15677,15676,0.6406
15677,23630,0.6304
15677,23629,0.6035
15704,1104,0.985
15713,29925,0.604
15718,15719,0.7437
15718,14431,0.61
15718,33925,0.6074
15718,30892,0.6055
15719,15718,0.7437
15722,34354,0.743
15722,19723,0.7134
15722,19724,0.712
15722,34347,0.6865
15722,19716,0.6807
15722,15730,0.6694
15722,19512,0.6694
15722,14390,0.668
15722,34817,0.6523
15722,19823,0.651
15730,15722,0.6694
15730,19723,0.6113
15741,19403,0.617
15744,23112,0.615
15765,15767,0.64
15767,37117,0.6953
15767,19723,0.6567
15767,15765,0.64
15767,22378,0.636
15767,36979,0.6294
15767,17293,0.6147
15767,31770,0.6035
15836,12435,0.6567
15836,15837,0.62
15836,17585,0.6025
15836,14907,0.601
15837,15836,0.62
15885,11220,0.6816
15886,35415,0.6533
15886,34346,0.6426
15886,22518,0.6416
15886,12262,0.636
15893,15558,0.6167
15927,15928,0.7114
15927,31607,0.615
15928,15927,0.7114
15940,17574,0.6597
15940,17476,0.628
15940,29969,0.6113
15948,14059,0.645
15954,25896,0.778
15964,16694,0.614
15964,30267,0.605
15971,19099,0.85
15971,29570,0.752
15971,16329,0.7007
15971,31138,0.6777
15971,18650,0.6694
15971,31135,0.632
15971,24687,0.627
15971,16326,0.621
15971,35854,0.619
15971,22652,0.616
15972,30211,0.7983
15998,15999,0.621
15999,25406,0.6953
15999,15998,0.621
16018,24026,0.6655
16018,22518,0.6274
16018,32087,0.6245
16018,33731,0.615
16018,24200,0.603
16077,32867,0.67
16085,37846,0.6187
16085,12475,0.611
16100,16101,0.634
16101,16105,0.7344
16101,16100,0.634
16102,16105,0.617
16105,16101,0.7344
16105,17471,0.6396
16105,35027,0.6387
16105,29570,0.619
16105,16102,0.617
16105,20078,0.607
16114,18531,0.663
16115,35944,0.7056
16115,15463,0.661
16115,35216,0.61
16115,25676,0.61
16121,33572,0.6123
16121,33571,0.6
16134,16135,0.628
16135,23506,0.66
16135,16134,0.628
16135,14028,0.603
16135,37352,0.6025
16142,10096,0.7183
16160,1438,0.7573
16160,17108,0.682
16160,26970,0.6685
16187,32539,0.61
16209,5833,0.679
16230,33807,0.717
16278,33165,0.6284
16278,17682,0.609
16321,13023,0.6206
16325,15613,0.6987
16326,16329,0.7266
16326,31138,0.6997
16326,15971,0.621
16326,31135,0.617
16326,18650,0.6157
16326,22650,0.602
16329,16326,0.7266
16329,18650,0.711
16329,19099,0.701
16329,15971,0.7007
16329,24857,0.68
16329,31135,0.671
16329,31138,0.6694
16329,31394,0.6353
16329,25950,0.628
16329,15534,0.6196
16335,3103,0.6304
16455,14059,0.637
16455,17576,0.6274
16455,19002,0.6006
16461,22063,0.606
16500,25371,0.604
16507,22518,0.7793
16507,32087,0.65
16507,23629,0.6406
16507,31607,0.639
16507,23630,0.6367
16507,32246,0.631
16507,19414,0.609
16507,25072,0.6
16541,26660,0.674
16555,22518,0.6973
16555,19414,0.6885
16555,32087,0.645
16578,19043,0.6235
16595,11733,0.6094
16600,1149,0.7544
16610,14397,0.708
16617,22063,0.6235
16694,15964,0.614
16762,3640,0.7876
16781,29328,0.7666
16822,29605,0.776
16822,37190,0.7363
16842,18712,0.921
16853,25276,0.7837
16886,25432,0.627
16904,16905,0.6313
16905,16904,0.6313
16905,34189,0.614
16919,16920,0.7197
16919,32886,0.6436
16919,19723,0.64
16919,24223,0.6035
16920,16919,0.7197
16930,22847,0.7095
16930,24223,0.6196
16930,15260,0.6133
16930,15264,0.601
16932,13319,0.6377
16938,17249,0.71
16938,21152,0.6304
16999,1149,0.62
17024,17025,0.7114
17024,25033,0.6655
17025,25033,0.756
17025,17024,0.7114
17025,29306,0.6025
17042,19025,0.637
17075,3979,0.6226
17090,25571,0.604
17108,26970,0.7817
17108,16160,0.682
17108,1438,0.642
17108,24326,0.617
17109,33347,0.7036
17144,32895,0.644
17144,17146,0.6025
17144,20821,0.602
17146,17448,0.6265
17146,17144,0.6025
17181,27355,0.6772
17199,23110,0.685
17210,28056,0.644
17210,36092,0.6333
17210,30791,0.6084
17249,16938,0.71
17249,21152,0.7095
17249,31960,0.663
17266,25438,0.617
17267,31700,0.606
17267,32862,0.602
17291,17293,0.7188
17291,19716,0.7124
17291,19723,0.71
17291,18635,0.6997
17291,33057,0.697
17291,31770,0.687
17291,33197,0.6655
17291,30168,0.6343
17291,22378,0.6323
17291,35451,0.6304
17292,33058,0.6396
17292,17293,0.636
17293,19723,0.807
17293,19716,0.799
17293,33059,0.792
17293,31770,0.754
17293,33058,0.747
17293,18635,0.7197
17293,17291,0.7188
17293,33197,0.6987
17312,2735,0.756
17322,4811,0.7134
17326,32031,0.6074
17346,18125,0.6543
17414,18964,0.679
17414,33145,0.6484
17424,27444,0.684
17425,13855,0.6
17428,347,0.611
17432,22824,0.691
17447,29784,0.7085
17447,12475,0.707
17447,17955,0.6997
17447,17448,0.6963
17447,28161,0.6934
17447,35573,0.692
17447,14689,0.6895
17447,30169,0.6626
17447,23454,0.6514
17447,37846,0.635
17448,29785,0.7495
17448,17447,0.6963
17448,11982,0.6753
17448,37846,0.673
17448,17959,0.669
17448,28161,0.6562
17448,11642,0.6543
17448,30170,0.6514
17471,22497,0.769
17471,17566,0.6953
17471,29779,0.6733
17471,16105,0.6396
17471,17476,0.631
17471,30168,0.6265
17471,11978,0.611
17472,19116,0.6167
17476,29779,0.6753
17476,17574,0.6367
17476,22496,0.636
17476,37846,0.6353
17476,17471,0.631
17476,15940,0.628
17476,29969,0.6245
17476,17566,0.6206
17476,31635,0.6123
17507,17509,0.605
17507,11965,0.605
17509,17507,0.605
17510,17954,0.638
17514,17516,0.6875
17514,17522,0.6177
17516,17514,0.6875
17516,22317,0.6694
17516,17522,0.6475
17516,11235,0.6123
17516,35917,0.612
17522,22324,0.692
17522,11236,0.6504
17522,17516,0.6475
17522,12821,0.638
17522,17514,0.6177
17524,35311,0.767
17542,20233,0.653
17542,22324,0.6333
17542,27796,0.627
17542,28224,0.613
17543,35155,0.6104
17566,23453,0.697
17566,17471,0.6953
17566,22497,0.6836
17566,29779,0.669
17566,12262,0.6294
17566,33534,0.621
17570,17574,0.6562
17570,35220,0.6245
17570,31635,0.6196
17570,23106,0.6104
17570,22499,0.608
17573,30953,0.6
17574,31635,0.7227
17574,35225,0.6943
17574,30083,0.6675
17574,23106,0.6655
17574,15940,0.6597
17574,17570,0.6562
17574,33534,0.6504
17574,25072,0.6494
17574,35220,0.645
17576,11643,0.66
17576,29785,0.6597
17576,14059,0.652
17576,18636,0.65
17576,11642,0.646
17576,17448,0.642
17584,26064,0.73
17584,12256,0.668
17584,32784,0.668
17584,17585,0.6665
17584,33435,0.651
17584,32786,0.633
17584,35220,0.6284
17584,37748,0.6133
17585,23491,0.7295
17585,15599,0.7075
17585,17584,0.6665
17585,19312,0.658
17585,31453,0.656
17585,26165,0.642
17585,18806,0.6416
17585,30266,0.6323
17585,12226,0.621
17600,6622,0.639
17611,4727,0.641
17616,20433,0.717
17646,562,0.6265
17655,3551,0.7144
17681,31359,0.6035
17682,16278,0.609
17682,19360,0.6035
17699,19909,0.6245
17699,14639,0.6245
17701,25032,0.64
17736,10042,0.649
17748,35225,0.6035
17782,33661,0.627
17792,34639,0.624
17833,29477,0.607
17843,7865,0.656
17843,12946,0.622
17844,20807,0.7666
17854,18330,0.641
17905,3795,0.6143
17928,24579,0.6094
17936,14625,0.605
17954,29779,0.663
17954,11978,0.661
17954,34346,0.644
17954,23511,0.6426
17954,17510,0.638
17954,29581,0.623
17954,17959,0.611
17955,14689,0.769
17955,12475,0.731
17955,17447,0.6997
17955,35573,0.6587
17955,23454,0.614
17955,28161,0.6016
17959,29785,0.6694
17959,17448,0.669
17959,19766,0.6646
17959,23512,0.6577
17959,37846,0.6504
17959,11380,0.6445
17959,12475,0.64
17959,19571,0.6333
17963,17964,0.7183
17964,17963,0.7183
18030,32516,0.7114
18030,22607,0.6426
18030,35865,0.6147
18030,17585,0.609
18030,12226,0.6025
18031,29252,0.6836
18083,25952,0.6055
18083,28391,0.602
18125,17346,0.6543
18125,30749,0.607
18135,18136,0.6094
18136,27429,0.6177
18136,18135,0.6094
18140,26186,0.864
18152,37035,0.657
18152,18225,0.6133
18175,21099,0.668
18180,26560,0.6846
18207,18208,0.667
18207,35495,0.611
18208,18207,0.667
18208,35495,0.617
18214,29258,0.739
18225,18152,0.6133
18225,37035,0.6113
18226,33731,0.61
18226,31570,0.6084
18226,15535,0.6045
18226,20064,0.6035
18226,33661,0.6025
18245,9314,0.643
18251,9507,0.706
18296,36865,0.6714
18299,20052,0.6787
18299,18300,0.62
18300,36704,0.7275
18300,20052,0.7095
18300,22771,0.6885
18300,22152,0.6255
18300,18299,0.62
18330,17854,0.641
18330,33033,0.636
18368,18373,0.6245
18372,26356,0.6123
18372,18373,0.6035
18373,18368,0.6245
18373,26356,0.617
18373,37063,0.6167
18373,18372,0.6035
18374,32186,0.9844
18375,8549,0.6167
18375,31642,0.6157
18387,953,0.712
18387,6579,0.7095
18422,14516,0.682
18422,24536,0.6396
18422,24857,0.633
18422,22652,0.6113
18473,27176,0.602
18475,13250,0.6177
18476,34032,0.676
18476,30892,0.6177
18476,14694,0.608
18476,18652,0.606
18476,27743,0.6025
18483,5673,0.649
18531,16114,0.663
18531,17701,0.623
18531,25032,0.6143
18573,27330,0.6562
18585,37146,0.61
18602,23110,0.7163
18609,18611,0.692
18611,35193,0.6973
18611,18609,0.692
18611,19115,0.6484
18611,32455,0.635
18611,29584,0.627
18611,33310,0.6084
18611,36719,0.6064
18611,25285,0.6
18620,9304,0.853
18625,23859,0.844
18626,19503,0.605
18634,18651,0.7046
18634,22546,0.667
18634,31135,0.6475
18634,11236,0.635
18634,27796,0.615
18634,19129,0.6025
18634,11098,0.6
18635,17293,0.7197
18635,20058,0.712
18635,17291,0.6997
18635,22378,0.6865
18635,19512,0.6807
18635,19509,0.668
18635,12558,0.6567
18635,36985,0.655
18635,19716,0.6416
18635,37117,0.641
18636,18652,0.7686
18636,30269,0.707
18636,22546,0.69
18636,31395,0.6855
18636,22518,0.685
18636,34622,0.6504
18640,18643,0.784
18640,22809,0.7144
18640,22449,0.6885
18640,19943,0.637
18643,18640,0.784
18643,22809,0.733
18643,22449,0.665
18643,29770,0.612
18643,14694,0.6045
18648,18635,0.6226
18650,31394,0.737
18650,22546,0.7334
18650,28657,0.7285
18650,11256,0.714
18650,16329,0.711
18650,11252,0.6826
18650,14306,0.6797
18650,22542,0.676
18650,19099,0.674
18651,18634,0.7046
18652,18636,0.7686
18652,20033,0.7236
18652,31395,0.699
18652,30269,0.665
18652,11256,0.6606
18652,30170,0.6587
18652,33177,0.658
18652,34622,0.6475
18662,36943,0.7383
18695,20843,0.666
18695,37047,0.6655
18709,30783,0.7256
18710,7790,0.762
18712,16842,0.921
18746,18748,0.625
18748,29570,0.6367
18748,18746,0.625
18748,13168,0.613
18806,17585,0.6416
18837,15548,0.65
18867,3640,0.694
18906,27783,0.678
18927,35220,0.6816
18940,10212,0.73
18951,28576,0.683
18951,6677,0.6084
18960,34347,0.678
18960,34354,0.6675
18960,29718,0.6504
18960,15722,0.645
18960,19723,0.6436
18960,20230,0.6416
18960,27347,0.6387
18960,30532,0.636
18960,35521,0.634
18960,34039,0.6255
18964,33145,0.784
18964,17414,0.679
18967,11445,0.6504
18967,12262,0.6436
19001,20705,0.6143
19001,19002,0.6064
19002,19003,0.678
19002,30269,0.6514
19002,19922,0.646
19002,11791,0.609
19002,19001,0.6064
19002,35806,0.6045
19003,19002,0.678
19025,17042,0.637
19043,16578,0.6235
19053,23793,0.7075
19088,30266,0.655
19088,28327,0.613
19099,15971,0.85
19099,29570,0.781
19099,16329,0.701
19099,18650,0.674
19099,31135,0.6377
19099,36031,0.63
19099,31138,0.6206
19101,19199,0.679
19115,32455,0.6597
19115,18611,0.6484
19115,15627,0.629
19115,31635,0.6167
19115,22738,0.6064
19116,17472,0.6167
19123,22542,0.6
19129,22546,0.751
19129,22650,0.688
19129,11098,0.627
19129,22547,0.6167
19129,18634,0.6025
19130,22547,0.6924
19165,21481,0.672
19165,11256,0.616
19165,19166,0.6006
19166,25010,0.602
19166,19165,0.6006
19197,23046,0.6807
19199,19101,0.679
19232,19233,0.7793
19232,37852,0.6206
19232,12256,0.618
19232,32406,0.617
19232,30892,0.6113
19233,19232,0.7793
19233,30892,0.6743
19233,28987,0.6323
19233,37250,0.618
19296,12887,0.601
19299,19300,0.7637
19299,27176,0.6187
19300,19299,0.7637
19312,17585,0.658
19312,23491,0.6113
19335,2800,0.843
19335,21226,0.655
19350,31334,0.845
19359,19360,0.6895
19360,19436,0.6924
19360,19359,0.6895
19360,17682,0.6035
19360,29926,0.602
19367,24899,0.7227
19387,24374,0.7593
19388,24339,0.7744
19396,17203,0.67
19403,15741,0.617
19405,13761,0.704
19414,22518,0.737
19414,16555,0.6885
19414,16507,0.609
19421,36662,0.854
19431,14178,0.6587
19431,25367,0.606
19431,27444,0.606
19433,14179,0.6396
19433,19436,0.626
19433,28224,0.607
19433,17542,0.604
19433,29677,0.604
19433,19434,0.604
19434,19433,0.604
19436,19360,0.6924
19436,25369,0.648
19436,32071,0.6377
19436,19433,0.626
19436,35917,0.626
19479,22276,0.6274
19493,30348,0.91
19493,34483,0.633
19493,17413,0.629
19503,18626,0.605
19505,7676,0.6577
19507,35451,0.742
19507,28663,0.677
19507,11978,0.668
19507,15465,0.6475
19507,36978,0.6377
19507,19723,0.623
19507,19509,0.616
19507,15464,0.612
19509,12558,0.727
19509,11982,0.725
19509,19512,0.6714
19509,18635,0.668
19509,15464,0.662
19509,17293,0.632
19509,36979,0.6245
19509,25371,0.618
19509,19507,0.616
19510,18635,0.603
19511,18960,0.6
19512,19716,0.7427
19512,34354,0.7183
19512,12555,0.708
19512,31770,0.6978
19512,18635,0.6807
19512,19723,0.679
19512,15468,0.673
19512,19509,0.6714
19512,15722,0.6694
19512,19724,0.669
19528,19531,0.6426
19531,19528,0.6426
19536,20230,0.625
19547,19549,0.6255
19547,21040,0.62
19549,19547,0.6255
19571,23512,0.681
19571,17959,0.6333
19571,34354,0.6016
19584,21279,0.6147
19626,28210,0.633
19626,35713,0.6
19663,12286,0.753
19663,25676,0.719
19663,29835,0.6953
19663,12503,0.6626
19663,35215,0.6626
19663,35944,0.6567
19663,11725,0.644
19663,24649,0.6377
19695,21884,0.611
19709,19710,0.6406
19710,19709,0.6406
19710,36603,0.615
19715,36979,0.627
19715,36978,0.6255
19716,31770,0.839
19716,19723,0.839
19716,17293,0.799
19716,19724,0.7603
19716,33058,0.754
19716,33059,0.744
19716,19512,0.7427
19716,15468,0.727
19716,33197,0.719
19716,17291,0.7124
19723,19716,0.839
19723,17293,0.807
19723,19823,0.745
19723,19724,0.7407
19723,31770,0.739
19723,35451,0.7227
